72
3960298668
5024537591
7836005813
8012912888
6765709805
2528408671
7900376214
2282303326
8887869919
3563535898
6780581879
21
6606294343
4852322041
9292527736
7914155152
6584405107
6013163775
1251663594
8097388134
5507376230
2931490299
9197518132
5322239976
5702887
8546740149
3204617640
8491571622
5427578315
4801496300
6396259706
1809565946
5452521974
3199301231
1409127554
4269279443
1125690559
8476689250
2166331449
313992755
558719035
4189071408
6693560599
7654354699
658943614
4852322041
390881871
1164300318
4660962706
6474198126
1857518387
1105642541
7690676253
4440171046
7559697825
239397742
4642457023
4765781447
5534742167
82708113
9235635609
4320686337
3179943394
44349448
8374361834
6013163775
5982009152
196418
7617265577
3566851720
5792018910
6079154763